{
 "cells": [
  {
   "cell_type": "markdown",
   "id": "ignored-statement",
   "metadata": {},
   "source": [
    "# Fisher Analysis of the Network"
   ]
  },
  {
   "cell_type": "markdown",
   "id": "involved-logan",
   "metadata": {},
   "source": [
    "This notebook demonstrates using the Fisher Information to calculate generalisability and trainability metrics"
   ]
  },
  {
   "cell_type": "code",
   "execution_count": 54,
   "id": "humanitarian-biodiversity",
   "metadata": {
    "tags": []
   },
   "outputs": [],
   "source": [
    "import os\n",
    "import sys\n",
    "\n",
    "import torch\n",
    "import torch.nn as nn\n",
    "import torch.nn.functional as F\n",
    "import torch.optim as optim\n",
    "from torchvision import transforms\n",
    "import PIL\n",
    "from torchsummary import summary\n",
    "\n",
    "import pandas as pd\n",
    "import numpy as np\n",
    "import matplotlib.pyplot as plt\n",
    "import configparser as ConfigParser\n",
    "import pickle\n",
    "\n",
    "from utils import *\n",
    "# Ipmport various network architectures\n",
    "from networks import AGRadGalNet, VanillaLeNet, testNet, DNSteerableLeNet, DNSteerableAGRadGalNet\n",
    "# Import various data classes\n",
    "from datasets import FRDEEPF\n",
    "from datasets import MiraBest_full, MBFRConfident, MBFRUncertain, MBHybrid\n",
    "from datasets import MingoLoTSS, MLFR, MLFRTest\n",
    "from scipy.special import logsumexp\n",
    "import torch.nn.functional as F"
   ]
  },
  {
   "cell_type": "markdown",
   "id": "amino-factor",
   "metadata": {},
   "source": [
    "Load in the dataset and the relevant configuration"
   ]
  },
  {
   "cell_type": "code",
   "execution_count": 55,
   "id": "environmental-gambling",
   "metadata": {},
   "outputs": [
    {
     "name": "stdout",
     "output_type": "stream",
     "text": [
      "Files already downloaded and verified\n",
      "models/e2attention/mirabest/fisher/C4\n"
     ]
    }
   ],
   "source": [
    "PATH = \"configs/\"\n",
    "cfg_base = \"C4_attention_mirabest.cfg\"\n",
    "config = ConfigParser.ConfigParser(allow_no_value=True)\n",
    "config.read(PATH + cfg_base)\n",
    "device = \"cuda\"\n",
    "\n",
    "train_loader, valid_loader  = utils.data.load(\n",
    "    config, \n",
    "    train=True, \n",
    "    augmentation='config', \n",
    "    data_loader=True\n",
    ")\n",
    "workingdir = config['output']['directory']\n",
    "print(workingdir)\n",
    "transform = transforms.Compose(\n",
    "    [transforms.ToTensor(),\n",
    "     transforms.Normalize([0.5],[0.5])])"
   ]
  },
  {
   "cell_type": "code",
   "execution_count": 27,
   "id": "happy-impossible",
   "metadata": {},
   "outputs": [
    {
     "name": "stdout",
     "output_type": "stream",
     "text": [
      "Loading in DNSteerableAGRadGalNet\n",
      "cuda\n"
     ]
    }
   ],
   "source": [
    "print(f\"Loading in {config['model']['base']}\")\n",
    "net = locals()[config['model']['base']](**config['model']).to(device)\n",
    "\n",
    "quiet = config.getboolean('DEFAULT', 'quiet')\n",
    "early_stopping = config.getboolean('training', 'early_stopping')\n",
    "\n",
    "# Read / Create Folder for Data to be Saved\n",
    "root = config['data']['directory']\n",
    "os.makedirs(root, exist_ok=True)\n",
    "\n",
    "if not quiet:\n",
    "    if 'DN' not in config['model']['base']:\n",
    "        summary(net, (1, 150, 150))\n",
    "    print(device)\n",
    "    if device == torch.device('cuda'):\n",
    "        summary(net, (1,150,150))\n",
    "        print(torch.cuda.get_device_name(device=device))"
   ]
  },
  {
   "cell_type": "markdown",
   "id": "offensive-companion",
   "metadata": {},
   "source": [
    "Attempt to load in the best saved model"
   ]
  },
  {
   "cell_type": "code",
   "execution_count": 28,
   "id": "accurate-billion",
   "metadata": {},
   "outputs": [],
   "source": [
    "path_supliment = config['data']['augment']+'/'\n",
    "model = utils.utils.load_model(config, load_model='best', device=device, path_supliment=path_supliment)"
   ]
  },
  {
   "cell_type": "markdown",
   "id": "ignored-plumbing",
   "metadata": {},
   "source": [
    "Save the Model Weights and then Train the Last Layer to ensure the grad information is retained"
   ]
  },
  {
   "cell_type": "code",
   "execution_count": 29,
   "id": "tight-hours",
   "metadata": {},
   "outputs": [],
   "source": [
    "utils.fisher.WeightTransfer(model, net)"
   ]
  },
  {
   "cell_type": "code",
   "execution_count": 30,
   "id": "scientific-creation",
   "metadata": {},
   "outputs": [],
   "source": [
    "optimizer = optim.Adam(filter(lambda p: p.requires_grad, net.parameters()), lr=0.0001)"
   ]
  },
  {
   "cell_type": "markdown",
   "id": "theoretical-stanley",
   "metadata": {},
   "source": [
    "Function to obtain the Jacobian using the Torch AutoGrad"
   ]
  },
  {
   "cell_type": "code",
   "execution_count": 53,
   "id": "official-surrey",
   "metadata": {},
   "outputs": [
    {
     "name": "stdout",
     "output_type": "stream",
     "text": [
      "Calculating 10 of the Fisher...\n"
     ]
    },
    {
     "name": "stderr",
     "output_type": "stream",
     "text": [
      "  0%|          | 0/10 [00:00<?, ?it/s]"
     ]
    },
    {
     "name": "stdout",
     "output_type": "stream",
     "text": [
      "tensor([[ 0.0000e+00,  0.0000e+00,  0.0000e+00,  0.0000e+00,  0.0000e+00,\n",
      "          0.0000e+00,  0.0000e+00,  0.0000e+00,  0.0000e+00,  0.0000e+00,\n",
      "          0.0000e+00,  0.0000e+00],\n",
      "        [ 0.0000e+00,  0.0000e+00,  0.0000e+00,  0.0000e+00,  0.0000e+00,\n",
      "          0.0000e+00,  0.0000e+00,  0.0000e+00,  0.0000e+00,  0.0000e+00,\n",
      "          0.0000e+00,  0.0000e+00],\n",
      "        [ 0.0000e+00,  0.0000e+00,  0.0000e+00,  0.0000e+00,  0.0000e+00,\n",
      "          0.0000e+00,  0.0000e+00,  0.0000e+00,  0.0000e+00,  0.0000e+00,\n",
      "          0.0000e+00,  0.0000e+00],\n",
      "        [ 0.0000e+00,  0.0000e+00,  0.0000e+00,  2.9678e-35,  2.0099e-35,\n",
      "          0.0000e+00,  0.0000e+00,  0.0000e+00,  0.0000e+00, -2.9678e-35,\n",
      "         -2.0099e-35,  0.0000e+00],\n",
      "        [ 0.0000e+00,  0.0000e+00,  0.0000e+00,  2.0099e-35,  1.3612e-35,\n",
      "          0.0000e+00,  0.0000e+00,  0.0000e+00,  0.0000e+00, -2.0099e-35,\n",
      "         -1.3612e-35,  0.0000e+00],\n",
      "        [ 0.0000e+00,  0.0000e+00,  0.0000e+00,  0.0000e+00,  0.0000e+00,\n",
      "          0.0000e+00,  0.0000e+00,  0.0000e+00,  0.0000e+00,  0.0000e+00,\n",
      "          0.0000e+00,  0.0000e+00],\n",
      "        [ 0.0000e+00,  0.0000e+00,  0.0000e+00,  0.0000e+00,  0.0000e+00,\n",
      "          0.0000e+00,  0.0000e+00,  0.0000e+00,  0.0000e+00,  0.0000e+00,\n",
      "          0.0000e+00,  0.0000e+00],\n",
      "        [ 0.0000e+00,  0.0000e+00,  0.0000e+00,  0.0000e+00,  0.0000e+00,\n",
      "          0.0000e+00,  0.0000e+00,  0.0000e+00,  0.0000e+00,  0.0000e+00,\n",
      "          0.0000e+00,  0.0000e+00],\n",
      "        [ 0.0000e+00,  0.0000e+00,  0.0000e+00,  0.0000e+00,  0.0000e+00,\n",
      "          0.0000e+00,  0.0000e+00,  0.0000e+00,  0.0000e+00,  0.0000e+00,\n",
      "          0.0000e+00,  0.0000e+00],\n",
      "        [ 0.0000e+00,  0.0000e+00,  0.0000e+00, -2.9678e-35, -2.0099e-35,\n",
      "          0.0000e+00,  0.0000e+00,  0.0000e+00,  0.0000e+00,  2.3596e-22,\n",
      "          1.5980e-22,  0.0000e+00],\n",
      "        [ 0.0000e+00,  0.0000e+00,  0.0000e+00, -2.0099e-35, -1.3612e-35,\n",
      "          0.0000e+00,  0.0000e+00,  0.0000e+00,  0.0000e+00,  1.5980e-22,\n",
      "          1.0822e-22,  0.0000e+00],\n",
      "        [ 0.0000e+00,  0.0000e+00,  0.0000e+00,  0.0000e+00,  0.0000e+00,\n",
      "          0.0000e+00,  0.0000e+00,  0.0000e+00,  0.0000e+00,  0.0000e+00,\n",
      "          0.0000e+00,  0.0000e+00]], device='cuda:0')\n",
      "tensor([[ 8.2550e-41,  0.0000e+00,  0.0000e+00,  1.0310e-40,  2.3929e-40,\n",
      "          0.0000e+00,  0.0000e+00,  0.0000e+00,  0.0000e+00,  0.0000e+00,\n",
      "          0.0000e+00,  0.0000e+00],\n",
      "        [ 0.0000e+00,  0.0000e+00,  0.0000e+00,  0.0000e+00,  0.0000e+00,\n",
      "          0.0000e+00,  0.0000e+00,  0.0000e+00,  0.0000e+00,  0.0000e+00,\n",
      "          0.0000e+00,  0.0000e+00],\n",
      "        [ 0.0000e+00,  0.0000e+00,  0.0000e+00,  0.0000e+00,  0.0000e+00,\n",
      "          0.0000e+00,  0.0000e+00,  0.0000e+00,  0.0000e+00,  0.0000e+00,\n",
      "          0.0000e+00,  0.0000e+00],\n",
      "        [ 1.0310e-40,  0.0000e+00,  0.0000e+00,  2.9678e-35,  2.0100e-35,\n",
      "          0.0000e+00,  0.0000e+00,  0.0000e+00,  0.0000e+00, -2.9678e-35,\n",
      "         -2.0099e-35,  0.0000e+00],\n",
      "        [ 2.3929e-40,  0.0000e+00,  0.0000e+00,  2.0100e-35,  1.3613e-35,\n",
      "          0.0000e+00,  0.0000e+00,  0.0000e+00,  0.0000e+00, -2.0099e-35,\n",
      "         -1.3612e-35,  0.0000e+00],\n",
      "        [ 0.0000e+00,  0.0000e+00,  0.0000e+00,  0.0000e+00,  0.0000e+00,\n",
      "          0.0000e+00,  0.0000e+00,  0.0000e+00,  0.0000e+00,  0.0000e+00,\n",
      "          0.0000e+00,  0.0000e+00],\n",
      "        [ 0.0000e+00,  0.0000e+00,  0.0000e+00,  0.0000e+00,  0.0000e+00,\n",
      "          0.0000e+00,  0.0000e+00,  0.0000e+00,  0.0000e+00,  0.0000e+00,\n",
      "          0.0000e+00,  0.0000e+00],\n",
      "        [ 0.0000e+00,  0.0000e+00,  0.0000e+00,  0.0000e+00,  0.0000e+00,\n",
      "          0.0000e+00,  0.0000e+00,  0.0000e+00,  0.0000e+00,  0.0000e+00,\n",
      "          0.0000e+00,  0.0000e+00],\n",
      "        [ 0.0000e+00,  0.0000e+00,  0.0000e+00,  0.0000e+00,  0.0000e+00,\n",
      "          0.0000e+00,  0.0000e+00,  0.0000e+00,  0.0000e+00,  0.0000e+00,\n",
      "          0.0000e+00,  0.0000e+00],\n",
      "        [ 0.0000e+00,  0.0000e+00,  0.0000e+00, -2.9678e-35, -2.0099e-35,\n",
      "          0.0000e+00,  0.0000e+00,  0.0000e+00,  0.0000e+00,  2.3596e-22,\n",
      "          1.5980e-22,  0.0000e+00],\n",
      "        [ 0.0000e+00,  0.0000e+00,  0.0000e+00, -2.0099e-35, -1.3612e-35,\n",
      "          0.0000e+00,  0.0000e+00,  0.0000e+00,  0.0000e+00,  1.5980e-22,\n",
      "          1.0822e-22,  0.0000e+00],\n",
      "        [ 0.0000e+00,  0.0000e+00,  0.0000e+00,  0.0000e+00,  0.0000e+00,\n",
      "          0.0000e+00,  0.0000e+00,  0.0000e+00,  0.0000e+00,  0.0000e+00,\n",
      "          0.0000e+00,  0.0000e+00]], device='cuda:0')\n",
      "tensor([[ 4.4376e-04,  0.0000e+00,  0.0000e+00,  6.2038e-05,  3.2737e-09,\n",
      "          0.0000e+00, -4.4378e-04,  0.0000e+00,  0.0000e+00, -6.2041e-05,\n",
      "         -2.8065e-09,  0.0000e+00],\n",
      "        [ 0.0000e+00,  8.6838e-42,  0.0000e+00,  2.6662e-40,  3.5802e-40,\n",
      "          0.0000e+00,  0.0000e+00,  0.0000e+00,  0.0000e+00,  0.0000e+00,\n",
      "          0.0000e+00,  0.0000e+00],\n",
      "        [ 0.0000e+00,  0.0000e+00,  0.0000e+00,  0.0000e+00,  0.0000e+00,\n",
      "          0.0000e+00,  0.0000e+00,  0.0000e+00,  0.0000e+00,  0.0000e+00,\n",
      "          0.0000e+00,  0.0000e+00],\n",
      "        [ 6.2038e-05,  2.6662e-40,  0.0000e+00,  8.6769e-06,  4.8067e-09,\n",
      "          0.0000e+00, -6.2041e-05,  0.0000e+00,  0.0000e+00, -8.6766e-06,\n",
      "         -4.1207e-09,  0.0000e+00],\n",
      "        [ 3.2737e-09,  3.5802e-40,  0.0000e+00,  4.8067e-09,  4.8577e-09,\n",
      "          0.0000e+00, -2.8065e-09,  0.0000e+00,  0.0000e+00, -4.1207e-09,\n",
      "         -4.1644e-09,  0.0000e+00],\n",
      "        [ 0.0000e+00,  0.0000e+00,  0.0000e+00,  0.0000e+00,  0.0000e+00,\n",
      "          0.0000e+00,  0.0000e+00,  0.0000e+00,  0.0000e+00,  0.0000e+00,\n",
      "          0.0000e+00,  0.0000e+00],\n",
      "        [-4.4378e-04,  0.0000e+00,  0.0000e+00, -6.2041e-05, -2.8065e-09,\n",
      "          0.0000e+00,  4.4380e-04,  0.0000e+00,  0.0000e+00,  6.2043e-05,\n",
      "          2.4060e-09,  0.0000e+00],\n",
      "        [ 0.0000e+00,  0.0000e+00,  0.0000e+00,  0.0000e+00,  0.0000e+00,\n",
      "          0.0000e+00,  0.0000e+00,  0.0000e+00,  0.0000e+00,  0.0000e+00,\n",
      "          0.0000e+00,  0.0000e+00],\n",
      "        [ 0.0000e+00,  0.0000e+00,  0.0000e+00,  0.0000e+00,  0.0000e+00,\n",
      "          0.0000e+00,  0.0000e+00,  0.0000e+00,  0.0000e+00,  0.0000e+00,\n",
      "          0.0000e+00,  0.0000e+00],\n",
      "        [-6.2041e-05,  0.0000e+00,  0.0000e+00, -8.6766e-06, -4.1207e-09,\n",
      "          0.0000e+00,  6.2043e-05,  0.0000e+00,  0.0000e+00,  8.6764e-06,\n",
      "          3.5326e-09,  0.0000e+00],\n",
      "        [-2.8065e-09,  0.0000e+00,  0.0000e+00, -4.1207e-09, -4.1644e-09,\n",
      "          0.0000e+00,  2.4060e-09,  0.0000e+00,  0.0000e+00,  3.5326e-09,\n",
      "          3.5701e-09,  0.0000e+00],\n",
      "        [ 0.0000e+00,  0.0000e+00,  0.0000e+00,  0.0000e+00,  0.0000e+00,\n",
      "          0.0000e+00,  0.0000e+00,  0.0000e+00,  0.0000e+00,  0.0000e+00,\n",
      "          0.0000e+00,  0.0000e+00]], device='cuda:0')\n",
      "tensor([[ 1.3829e-01,  0.0000e+00,  5.7865e-02,  1.0776e-01,  1.0556e-01,\n",
      "          0.0000e+00, -1.3829e-01,  0.0000e+00, -5.7866e-02, -1.0776e-01,\n",
      "         -1.0556e-01,  0.0000e+00],\n",
      "        [ 0.0000e+00,  8.6838e-42,  0.0000e+00,  2.6662e-40,  3.5802e-40,\n",
      "          0.0000e+00,  0.0000e+00,  0.0000e+00,  0.0000e+00,  0.0000e+00,\n",
      "          0.0000e+00,  0.0000e+00],\n",
      "        [ 5.7865e-02,  0.0000e+00,  2.4291e-02,  4.5209e-02,  4.4313e-02,\n",
      "          0.0000e+00, -5.7866e-02,  0.0000e+00, -2.4291e-02, -4.5209e-02,\n",
      "         -4.4314e-02,  0.0000e+00],\n",
      "        [ 1.0776e-01,  2.6662e-40,  4.5209e-02,  8.4147e-02,  8.2472e-02,\n",
      "          0.0000e+00, -1.0776e-01,  0.0000e+00, -4.5209e-02, -8.4149e-02,\n",
      "         -8.2473e-02,  0.0000e+00],\n",
      "        [ 1.0556e-01,  3.5802e-40,  4.4313e-02,  8.2472e-02,  8.0838e-02,\n",
      "          0.0000e+00, -1.0556e-01,  0.0000e+00, -4.4314e-02, -8.2473e-02,\n",
      "         -8.0840e-02,  0.0000e+00],\n",
      "        [ 0.0000e+00,  0.0000e+00,  0.0000e+00,  0.0000e+00,  0.0000e+00,\n",
      "          0.0000e+00,  0.0000e+00,  0.0000e+00,  0.0000e+00,  0.0000e+00,\n",
      "          0.0000e+00,  0.0000e+00],\n",
      "        [-1.3829e-01,  0.0000e+00, -5.7866e-02, -1.0776e-01, -1.0556e-01,\n",
      "          0.0000e+00,  1.3829e-01,  0.0000e+00,  5.7867e-02,  1.0776e-01,\n",
      "          1.0556e-01,  0.0000e+00],\n",
      "        [ 0.0000e+00,  0.0000e+00,  0.0000e+00,  0.0000e+00,  0.0000e+00,\n",
      "          0.0000e+00,  0.0000e+00,  0.0000e+00,  0.0000e+00,  0.0000e+00,\n",
      "          0.0000e+00,  0.0000e+00],\n",
      "        [-5.7866e-02,  0.0000e+00, -2.4291e-02, -4.5209e-02, -4.4314e-02,\n",
      "          0.0000e+00,  5.7867e-02,  0.0000e+00,  2.4292e-02,  4.5210e-02,\n",
      "          4.4315e-02,  0.0000e+00],\n",
      "        [-1.0776e-01,  0.0000e+00, -4.5209e-02, -8.4149e-02, -8.2473e-02,\n",
      "          0.0000e+00,  1.0776e-01,  0.0000e+00,  4.5210e-02,  8.4150e-02,\n",
      "          8.2475e-02,  0.0000e+00],\n",
      "        [-1.0556e-01,  0.0000e+00, -4.4314e-02, -8.2473e-02, -8.0840e-02,\n",
      "          0.0000e+00,  1.0556e-01,  0.0000e+00,  4.4315e-02,  8.2475e-02,\n",
      "          8.0841e-02,  0.0000e+00],\n",
      "        [ 0.0000e+00,  0.0000e+00,  0.0000e+00,  0.0000e+00,  0.0000e+00,\n",
      "          0.0000e+00,  0.0000e+00,  0.0000e+00,  0.0000e+00,  0.0000e+00,\n",
      "          0.0000e+00,  0.0000e+00]], device='cuda:0')\n",
      "tensor([[ 1.5236e-01,  0.0000e+00,  5.7865e-02,  1.0776e-01,  1.0556e-01,\n",
      "          0.0000e+00, -1.5236e-01,  0.0000e+00, -5.7866e-02, -1.0776e-01,\n",
      "         -1.0556e-01,  0.0000e+00],\n",
      "        [ 0.0000e+00,  8.6838e-42,  0.0000e+00,  2.6662e-40,  3.5802e-40,\n",
      "          0.0000e+00,  0.0000e+00,  0.0000e+00,  0.0000e+00,  0.0000e+00,\n",
      "          0.0000e+00,  0.0000e+00],\n",
      "        [ 5.7865e-02,  0.0000e+00,  2.4291e-02,  4.5209e-02,  4.4313e-02,\n",
      "          0.0000e+00, -5.7866e-02,  0.0000e+00, -2.4291e-02, -4.5209e-02,\n",
      "         -4.4314e-02,  0.0000e+00],\n",
      "        [ 1.0776e-01,  2.6662e-40,  4.5209e-02,  8.4147e-02,  8.2472e-02,\n",
      "          0.0000e+00, -1.0776e-01,  0.0000e+00, -4.5209e-02, -8.4149e-02,\n",
      "         -8.2473e-02,  0.0000e+00],\n",
      "        [ 1.0556e-01,  3.5802e-40,  4.4313e-02,  8.2472e-02,  8.0838e-02,\n",
      "          0.0000e+00, -1.0556e-01,  0.0000e+00, -4.4314e-02, -8.2473e-02,\n",
      "         -8.0840e-02,  0.0000e+00],\n",
      "        [ 0.0000e+00,  0.0000e+00,  0.0000e+00,  0.0000e+00,  0.0000e+00,\n",
      "          0.0000e+00,  0.0000e+00,  0.0000e+00,  0.0000e+00,  0.0000e+00,\n",
      "          0.0000e+00,  0.0000e+00],\n",
      "        [-1.5236e-01,  0.0000e+00, -5.7866e-02, -1.0776e-01, -1.0556e-01,\n",
      "          0.0000e+00,  1.5236e-01,  0.0000e+00,  5.7867e-02,  1.0776e-01,\n",
      "          1.0556e-01,  0.0000e+00],\n",
      "        [ 0.0000e+00,  0.0000e+00,  0.0000e+00,  0.0000e+00,  0.0000e+00,\n",
      "          0.0000e+00,  0.0000e+00,  0.0000e+00,  0.0000e+00,  0.0000e+00,\n",
      "          0.0000e+00,  0.0000e+00],\n",
      "        [-5.7866e-02,  0.0000e+00, -2.4291e-02, -4.5209e-02, -4.4314e-02,\n",
      "          0.0000e+00,  5.7867e-02,  0.0000e+00,  2.4292e-02,  4.5210e-02,\n",
      "          4.4315e-02,  0.0000e+00],\n",
      "        [-1.0776e-01,  0.0000e+00, -4.5209e-02, -8.4149e-02, -8.2473e-02,\n",
      "          0.0000e+00,  1.0776e-01,  0.0000e+00,  4.5210e-02,  8.4150e-02,\n",
      "          8.2475e-02,  0.0000e+00],\n",
      "        [-1.0556e-01,  0.0000e+00, -4.4314e-02, -8.2473e-02, -8.0840e-02,\n",
      "          0.0000e+00,  1.0556e-01,  0.0000e+00,  4.4315e-02,  8.2475e-02,\n",
      "          8.0841e-02,  0.0000e+00],\n",
      "        [ 0.0000e+00,  0.0000e+00,  0.0000e+00,  0.0000e+00,  0.0000e+00,\n",
      "          0.0000e+00,  0.0000e+00,  0.0000e+00,  0.0000e+00,  0.0000e+00,\n",
      "          0.0000e+00,  0.0000e+00]], device='cuda:0')\n",
      "tensor([[ 1.5236e-01,  0.0000e+00,  5.7865e-02,  1.0776e-01,  1.0556e-01,\n",
      "          0.0000e+00, -1.5236e-01,  0.0000e+00, -5.7866e-02, -1.0776e-01,\n",
      "         -1.0556e-01,  0.0000e+00],\n",
      "        [ 0.0000e+00,  8.6838e-42,  0.0000e+00,  2.6662e-40,  3.5802e-40,\n",
      "          0.0000e+00,  0.0000e+00,  0.0000e+00,  0.0000e+00,  0.0000e+00,\n",
      "          0.0000e+00,  0.0000e+00],\n",
      "        [ 5.7865e-02,  0.0000e+00,  2.4291e-02,  4.5209e-02,  4.4313e-02,\n",
      "          0.0000e+00, -5.7866e-02,  0.0000e+00, -2.4291e-02, -4.5209e-02,\n",
      "         -4.4314e-02,  0.0000e+00],\n",
      "        [ 1.0776e-01,  2.6662e-40,  4.5209e-02,  8.4148e-02,  8.2472e-02,\n",
      "          6.0186e-15, -1.0776e-01,  0.0000e+00, -4.5209e-02, -8.4149e-02,\n",
      "         -8.2473e-02, -5.9040e-24],\n",
      "        [ 1.0556e-01,  3.5802e-40,  4.4313e-02,  8.2472e-02,  8.0838e-02,\n",
      "          0.0000e+00, -1.0556e-01,  0.0000e+00, -4.4314e-02, -8.2473e-02,\n",
      "         -8.0840e-02,  0.0000e+00],\n",
      "        [ 0.0000e+00,  0.0000e+00,  0.0000e+00,  6.0186e-15,  0.0000e+00,\n",
      "          9.8926e-14,  0.0000e+00,  0.0000e+00,  0.0000e+00, -5.9040e-24,\n",
      "          0.0000e+00, -9.7042e-23],\n",
      "        [-1.5236e-01,  0.0000e+00, -5.7866e-02, -1.0776e-01, -1.0556e-01,\n",
      "          0.0000e+00,  1.5236e-01,  0.0000e+00,  5.7867e-02,  1.0776e-01,\n",
      "          1.0556e-01,  0.0000e+00],\n",
      "        [ 0.0000e+00,  0.0000e+00,  0.0000e+00,  0.0000e+00,  0.0000e+00,\n",
      "          0.0000e+00,  0.0000e+00,  0.0000e+00,  0.0000e+00,  0.0000e+00,\n",
      "          0.0000e+00,  0.0000e+00],\n",
      "        [-5.7866e-02,  0.0000e+00, -2.4291e-02, -4.5209e-02, -4.4314e-02,\n",
      "          0.0000e+00,  5.7867e-02,  0.0000e+00,  2.4292e-02,  4.5210e-02,\n",
      "          4.4315e-02,  0.0000e+00],\n",
      "        [-1.0776e-01,  0.0000e+00, -4.5209e-02, -8.4149e-02, -8.2473e-02,\n",
      "         -5.9040e-24,  1.0776e-01,  0.0000e+00,  4.5210e-02,  8.4150e-02,\n",
      "          8.2475e-02,  5.9040e-24],\n",
      "        [-1.0556e-01,  0.0000e+00, -4.4314e-02, -8.2473e-02, -8.0840e-02,\n",
      "          0.0000e+00,  1.0556e-01,  0.0000e+00,  4.4315e-02,  8.2475e-02,\n",
      "          8.0841e-02,  0.0000e+00],\n",
      "        [ 0.0000e+00,  0.0000e+00,  0.0000e+00, -5.9040e-24,  0.0000e+00,\n",
      "         -9.7042e-23,  0.0000e+00,  0.0000e+00,  0.0000e+00,  5.9040e-24,\n",
      "          0.0000e+00,  9.7042e-23]], device='cuda:0')\n",
      "tensor([[ 1.5236e-01,  0.0000e+00,  5.7865e-02,  1.0776e-01,  1.0556e-01,\n",
      "          0.0000e+00, -1.5236e-01,  0.0000e+00, -5.7866e-02, -1.0776e-01,\n",
      "         -1.0556e-01,  0.0000e+00],\n",
      "        [ 0.0000e+00,  8.6838e-42,  0.0000e+00,  2.6662e-40,  3.5802e-40,\n",
      "          0.0000e+00,  0.0000e+00,  0.0000e+00,  0.0000e+00,  0.0000e+00,\n",
      "          0.0000e+00,  0.0000e+00],\n",
      "        [ 5.7865e-02,  0.0000e+00,  2.4291e-02,  4.5209e-02,  4.4313e-02,\n",
      "          0.0000e+00, -5.7866e-02,  0.0000e+00, -2.4291e-02, -4.5209e-02,\n",
      "         -4.4314e-02,  0.0000e+00],\n",
      "        [ 1.0776e-01,  2.6662e-40,  4.5209e-02,  8.4151e-02,  8.2472e-02,\n",
      "          6.0186e-15, -1.0776e-01,  0.0000e+00, -4.5209e-02, -8.4152e-02,\n",
      "         -8.2473e-02, -5.9040e-24],\n",
      "        [ 1.0556e-01,  3.5802e-40,  4.4313e-02,  8.2472e-02,  8.0838e-02,\n",
      "          0.0000e+00, -1.0556e-01,  0.0000e+00, -4.4314e-02, -8.2473e-02,\n",
      "         -8.0840e-02,  0.0000e+00],\n",
      "        [ 0.0000e+00,  0.0000e+00,  0.0000e+00,  6.0186e-15,  0.0000e+00,\n",
      "          9.8926e-14,  0.0000e+00,  0.0000e+00,  0.0000e+00, -5.9040e-24,\n",
      "          0.0000e+00, -9.7042e-23],\n",
      "        [-1.5236e-01,  0.0000e+00, -5.7866e-02, -1.0776e-01, -1.0556e-01,\n",
      "          0.0000e+00,  1.5236e-01,  0.0000e+00,  5.7867e-02,  1.0776e-01,\n",
      "          1.0556e-01,  0.0000e+00],\n",
      "        [ 0.0000e+00,  0.0000e+00,  0.0000e+00,  0.0000e+00,  0.0000e+00,\n",
      "          0.0000e+00,  0.0000e+00,  0.0000e+00,  0.0000e+00,  0.0000e+00,\n",
      "          0.0000e+00,  0.0000e+00],\n",
      "        [-5.7866e-02,  0.0000e+00, -2.4291e-02, -4.5209e-02, -4.4314e-02,\n",
      "          0.0000e+00,  5.7867e-02,  0.0000e+00,  2.4292e-02,  4.5210e-02,\n",
      "          4.4315e-02,  0.0000e+00],\n",
      "        [-1.0776e-01,  0.0000e+00, -4.5209e-02, -8.4152e-02, -8.2473e-02,\n",
      "         -5.9040e-24,  1.0776e-01,  0.0000e+00,  4.5210e-02,  8.4153e-02,\n",
      "          8.2475e-02,  5.9040e-24],\n",
      "        [-1.0556e-01,  0.0000e+00, -4.4314e-02, -8.2473e-02, -8.0840e-02,\n",
      "          0.0000e+00,  1.0556e-01,  0.0000e+00,  4.4315e-02,  8.2475e-02,\n",
      "          8.0841e-02,  0.0000e+00],\n",
      "        [ 0.0000e+00,  0.0000e+00,  0.0000e+00, -5.9040e-24,  0.0000e+00,\n",
      "         -9.7042e-23,  0.0000e+00,  0.0000e+00,  0.0000e+00,  5.9040e-24,\n",
      "          0.0000e+00,  9.7042e-23]], device='cuda:0')\n",
      "tensor([[ 1.5236e-01,  0.0000e+00,  5.7865e-02,  1.0776e-01,  1.0556e-01,\n",
      "          0.0000e+00, -1.5236e-01,  0.0000e+00, -5.7866e-02, -1.0776e-01,\n",
      "         -1.0556e-01,  0.0000e+00],\n",
      "        [ 0.0000e+00,  8.6838e-42,  0.0000e+00,  2.6662e-40,  3.5802e-40,\n",
      "          0.0000e+00,  0.0000e+00,  0.0000e+00,  0.0000e+00,  0.0000e+00,\n",
      "          0.0000e+00,  0.0000e+00],\n",
      "        [ 5.7865e-02,  0.0000e+00,  2.4291e-02,  4.5209e-02,  4.4313e-02,\n",
      "          0.0000e+00, -5.7866e-02,  0.0000e+00, -2.4291e-02, -4.5209e-02,\n",
      "         -4.4314e-02,  0.0000e+00],\n",
      "        [ 1.0776e-01,  2.6662e-40,  4.5209e-02,  8.4151e-02,  8.2472e-02,\n",
      "          6.0188e-15, -1.0776e-01,  0.0000e+00, -4.5209e-02, -8.4152e-02,\n",
      "         -8.2473e-02, -1.8607e-19],\n",
      "        [ 1.0556e-01,  3.5802e-40,  4.4313e-02,  8.2472e-02,  8.0838e-02,\n",
      "          1.7501e-19, -1.0556e-01,  0.0000e+00, -4.4314e-02, -8.2473e-02,\n",
      "         -8.0840e-02, -1.7501e-19],\n",
      "        [ 0.0000e+00,  0.0000e+00,  0.0000e+00,  6.0188e-15,  1.7501e-19,\n",
      "          9.8926e-14,  0.0000e+00,  0.0000e+00,  0.0000e+00, -1.8607e-19,\n",
      "         -1.7501e-19, -3.8285e-20],\n",
      "        [-1.5236e-01,  0.0000e+00, -5.7866e-02, -1.0776e-01, -1.0556e-01,\n",
      "          0.0000e+00,  1.5236e-01,  0.0000e+00,  5.7867e-02,  1.0776e-01,\n",
      "          1.0556e-01,  0.0000e+00],\n",
      "        [ 0.0000e+00,  0.0000e+00,  0.0000e+00,  0.0000e+00,  0.0000e+00,\n",
      "          0.0000e+00,  0.0000e+00,  0.0000e+00,  0.0000e+00,  0.0000e+00,\n",
      "          0.0000e+00,  0.0000e+00],\n",
      "        [-5.7866e-02,  0.0000e+00, -2.4291e-02, -4.5209e-02, -4.4314e-02,\n",
      "          0.0000e+00,  5.7867e-02,  0.0000e+00,  2.4292e-02,  4.5210e-02,\n",
      "          4.4315e-02,  0.0000e+00],\n",
      "        [-1.0776e-01,  0.0000e+00, -4.5209e-02, -8.4152e-02, -8.2473e-02,\n",
      "         -1.8607e-19,  1.0776e-01,  0.0000e+00,  4.5210e-02,  8.4153e-02,\n",
      "          8.2475e-02,  7.8173e-12],\n",
      "        [-1.0556e-01,  0.0000e+00, -4.4314e-02, -8.2473e-02, -8.0840e-02,\n",
      "         -1.7501e-19,  1.0556e-01,  0.0000e+00,  4.4315e-02,  8.2475e-02,\n",
      "          8.0841e-02,  7.3526e-12],\n",
      "        [ 0.0000e+00,  0.0000e+00,  0.0000e+00, -1.8607e-19, -1.7501e-19,\n",
      "         -3.8285e-20,  0.0000e+00,  0.0000e+00,  0.0000e+00,  7.8173e-12,\n",
      "          7.3526e-12,  1.6044e-12]], device='cuda:0')\n",
      "tensor([[ 1.5236e-01,  0.0000e+00,  5.7865e-02,  1.0776e-01,  1.0556e-01,\n",
      "          0.0000e+00, -1.5236e-01,  0.0000e+00, -5.7866e-02, -1.0776e-01,\n",
      "         -1.0556e-01,  0.0000e+00],\n",
      "        [ 0.0000e+00,  8.6838e-42,  0.0000e+00,  2.6662e-40,  3.5802e-40,\n",
      "          0.0000e+00,  0.0000e+00,  0.0000e+00,  0.0000e+00,  0.0000e+00,\n",
      "          0.0000e+00,  0.0000e+00],\n",
      "        [ 5.7865e-02,  0.0000e+00,  2.4291e-02,  4.5209e-02,  4.4313e-02,\n",
      "          0.0000e+00, -5.7866e-02,  0.0000e+00, -2.4291e-02, -4.5209e-02,\n",
      "         -4.4314e-02,  0.0000e+00],\n",
      "        [ 1.0776e-01,  2.6662e-40,  4.5209e-02,  8.4151e-02,  8.2472e-02,\n",
      "          1.0056e-11, -1.0776e-01,  0.0000e+00, -4.5209e-02, -8.4152e-02,\n",
      "         -8.2473e-02, -4.5394e-19],\n",
      "        [ 1.0556e-01,  3.5802e-40,  4.4313e-02,  8.2472e-02,  8.0838e-02,\n",
      "          1.0657e-11, -1.0556e-01,  0.0000e+00, -4.4314e-02, -8.2473e-02,\n",
      "         -8.0840e-02, -4.5907e-19],\n",
      "        [ 0.0000e+00,  0.0000e+00,  0.0000e+00,  1.0056e-11,  1.0657e-11,\n",
      "          2.3722e-11,  0.0000e+00,  0.0000e+00,  0.0000e+00, -4.5394e-19,\n",
      "         -4.5907e-19, -6.6795e-19],\n",
      "        [-1.5236e-01,  0.0000e+00, -5.7866e-02, -1.0776e-01, -1.0556e-01,\n",
      "          0.0000e+00,  1.5236e-01,  0.0000e+00,  5.7867e-02,  1.0776e-01,\n",
      "          1.0556e-01,  0.0000e+00],\n",
      "        [ 0.0000e+00,  0.0000e+00,  0.0000e+00,  0.0000e+00,  0.0000e+00,\n",
      "          0.0000e+00,  0.0000e+00,  0.0000e+00,  0.0000e+00,  0.0000e+00,\n",
      "          0.0000e+00,  0.0000e+00],\n",
      "        [-5.7866e-02,  0.0000e+00, -2.4291e-02, -4.5209e-02, -4.4314e-02,\n",
      "          0.0000e+00,  5.7867e-02,  0.0000e+00,  2.4292e-02,  4.5210e-02,\n",
      "          4.4315e-02,  0.0000e+00],\n",
      "        [-1.0776e-01,  0.0000e+00, -4.5209e-02, -8.4152e-02, -8.2473e-02,\n",
      "         -4.5394e-19,  1.0776e-01,  0.0000e+00,  4.5210e-02,  8.4153e-02,\n",
      "          8.2475e-02,  7.8173e-12],\n",
      "        [-1.0556e-01,  0.0000e+00, -4.4314e-02, -8.2473e-02, -8.0840e-02,\n",
      "         -4.5907e-19,  1.0556e-01,  0.0000e+00,  4.4315e-02,  8.2475e-02,\n",
      "          8.0841e-02,  7.3526e-12],\n",
      "        [ 0.0000e+00,  0.0000e+00,  0.0000e+00, -4.5394e-19, -4.5907e-19,\n",
      "         -6.6795e-19,  0.0000e+00,  0.0000e+00,  0.0000e+00,  7.8173e-12,\n",
      "          7.3526e-12,  1.6044e-12]], device='cuda:0')\n",
      "tensor([[ 7.3724e+00,  0.0000e+00,  1.0454e+00,  1.0776e-01,  1.0556e-01,\n",
      "          2.2022e-21, -7.3724e+00,  0.0000e+00, -1.0454e+00, -1.0776e-01,\n",
      "         -1.0556e-01, -2.2022e-21],\n",
      "        [ 0.0000e+00,  8.6838e-42,  0.0000e+00,  2.6662e-40,  3.5802e-40,\n",
      "          0.0000e+00,  0.0000e+00,  0.0000e+00,  0.0000e+00,  0.0000e+00,\n",
      "          0.0000e+00,  0.0000e+00],\n",
      "        [ 1.0454e+00,  0.0000e+00,  1.5937e-01,  4.5209e-02,  4.4313e-02,\n",
      "          0.0000e+00, -1.0454e+00,  0.0000e+00, -1.5937e-01, -4.5209e-02,\n",
      "         -4.4314e-02,  0.0000e+00],\n",
      "        [ 1.0776e-01,  2.6662e-40,  4.5209e-02,  8.4151e-02,  8.2472e-02,\n",
      "          1.0056e-11, -1.0776e-01,  0.0000e+00, -4.5209e-02, -8.4152e-02,\n",
      "         -8.2473e-02, -4.5497e-19],\n",
      "        [ 1.0556e-01,  3.5802e-40,  4.4313e-02,  8.2472e-02,  8.0838e-02,\n",
      "          1.0657e-11, -1.0556e-01,  0.0000e+00, -4.4314e-02, -8.2473e-02,\n",
      "         -8.0840e-02, -4.5907e-19],\n",
      "        [ 2.2022e-21,  0.0000e+00,  0.0000e+00,  1.0056e-11,  1.0657e-11,\n",
      "          2.3722e-11, -2.2022e-21,  0.0000e+00,  0.0000e+00, -4.5497e-19,\n",
      "         -4.5907e-19, -6.7235e-19],\n",
      "        [-7.3724e+00,  0.0000e+00, -1.0454e+00, -1.0776e-01, -1.0556e-01,\n",
      "         -2.2022e-21,  7.3724e+00,  0.0000e+00,  1.0454e+00,  1.0776e-01,\n",
      "          1.0556e-01,  5.7995e-13],\n",
      "        [ 0.0000e+00,  0.0000e+00,  0.0000e+00,  0.0000e+00,  0.0000e+00,\n",
      "          0.0000e+00,  0.0000e+00,  0.0000e+00,  0.0000e+00,  0.0000e+00,\n",
      "          0.0000e+00,  0.0000e+00],\n",
      "        [-1.0454e+00,  0.0000e+00, -1.5937e-01, -4.5209e-02, -4.4314e-02,\n",
      "          0.0000e+00,  1.0454e+00,  0.0000e+00,  1.5937e-01,  4.5210e-02,\n",
      "          4.4315e-02,  0.0000e+00],\n",
      "        [-1.0776e-01,  0.0000e+00, -4.5209e-02, -8.4152e-02, -8.2473e-02,\n",
      "         -4.5497e-19,  1.0776e-01,  0.0000e+00,  4.5210e-02,  8.4153e-02,\n",
      "          8.2475e-02,  8.0889e-12],\n",
      "        [-1.0556e-01,  0.0000e+00, -4.4314e-02, -8.2473e-02, -8.0840e-02,\n",
      "         -4.5907e-19,  1.0556e-01,  0.0000e+00,  4.4315e-02,  8.2475e-02,\n",
      "          8.0841e-02,  7.3526e-12],\n",
      "        [-2.2022e-21,  0.0000e+00,  0.0000e+00, -4.5497e-19, -4.5907e-19,\n",
      "         -6.7235e-19,  5.7995e-13,  0.0000e+00,  0.0000e+00,  8.0889e-12,\n",
      "          7.3526e-12,  2.7619e-12]], device='cuda:0')\n",
      "tensor([[ 7.3724e+00,  0.0000e+00,  1.0454e+00,  1.0776e-01,  1.0556e-01,\n",
      "          2.2022e-21, -7.3724e+00,  0.0000e+00, -1.0454e+00, -1.0776e-01,\n",
      "         -1.0556e-01, -2.2022e-21],\n",
      "        [ 0.0000e+00,  8.6838e-42,  0.0000e+00,  2.6662e-40,  3.5802e-40,\n",
      "          0.0000e+00,  0.0000e+00,  0.0000e+00,  0.0000e+00,  0.0000e+00,\n",
      "          0.0000e+00,  0.0000e+00],\n",
      "        [ 1.0454e+00,  0.0000e+00,  1.5937e-01,  4.5209e-02,  4.4313e-02,\n",
      "          0.0000e+00, -1.0454e+00,  0.0000e+00, -1.5937e-01, -4.5209e-02,\n",
      "         -4.4314e-02,  0.0000e+00],\n",
      "        [ 1.0776e-01,  2.6662e-40,  4.5209e-02,  8.4151e-02,  8.2472e-02,\n",
      "          1.0056e-11, -1.0776e-01,  0.0000e+00, -4.5209e-02, -8.4152e-02,\n",
      "         -8.2473e-02, -4.5497e-19],\n",
      "        [ 1.0556e-01,  3.5802e-40,  4.4313e-02,  8.2472e-02,  8.0838e-02,\n",
      "          1.0657e-11, -1.0556e-01,  0.0000e+00, -4.4314e-02, -8.2473e-02,\n",
      "         -8.0840e-02, -4.5907e-19],\n",
      "        [ 2.2022e-21,  0.0000e+00,  0.0000e+00,  1.0056e-11,  1.0657e-11,\n",
      "          2.3722e-11, -2.2022e-21,  0.0000e+00,  0.0000e+00, -4.5497e-19,\n",
      "         -4.5907e-19, -6.7235e-19],\n",
      "        [-7.3724e+00,  0.0000e+00, -1.0454e+00, -1.0776e-01, -1.0556e-01,\n",
      "         -2.2022e-21,  7.3724e+00,  0.0000e+00,  1.0454e+00,  1.0776e-01,\n",
      "          1.0556e-01,  5.7995e-13],\n",
      "        [ 0.0000e+00,  0.0000e+00,  0.0000e+00,  0.0000e+00,  0.0000e+00,\n",
      "          0.0000e+00,  0.0000e+00,  0.0000e+00,  0.0000e+00,  0.0000e+00,\n",
      "          0.0000e+00,  0.0000e+00],\n",
      "        [-1.0454e+00,  0.0000e+00, -1.5937e-01, -4.5209e-02, -4.4314e-02,\n",
      "          0.0000e+00,  1.0454e+00,  0.0000e+00,  1.5937e-01,  4.5210e-02,\n",
      "          4.4315e-02,  0.0000e+00],\n",
      "        [-1.0776e-01,  0.0000e+00, -4.5209e-02, -8.4152e-02, -8.2473e-02,\n",
      "         -4.5497e-19,  1.0776e-01,  0.0000e+00,  4.5210e-02,  8.4153e-02,\n",
      "          8.2475e-02,  8.0889e-12],\n",
      "        [-1.0556e-01,  0.0000e+00, -4.4314e-02, -8.2473e-02, -8.0840e-02,\n",
      "         -4.5907e-19,  1.0556e-01,  0.0000e+00,  4.4315e-02,  8.2475e-02,\n",
      "          8.0841e-02,  7.3526e-12],\n",
      "        [-2.2022e-21,  0.0000e+00,  0.0000e+00, -4.5497e-19, -4.5907e-19,\n",
      "         -6.7235e-19,  5.7995e-13,  0.0000e+00,  0.0000e+00,  8.0889e-12,\n",
      "          7.3526e-12,  2.7619e-12]], device='cuda:0')\n",
      "tensor([[ 7.3724e+00,  4.2039e-45,  1.0454e+00,  1.0776e-01,  1.0556e-01,\n",
      "          2.2022e-21, -7.3724e+00,  0.0000e+00, -1.0454e+00, -1.0776e-01,\n",
      "         -1.0556e-01, -2.2022e-21],\n",
      "        [ 4.2039e-45,  3.4852e-30,  0.0000e+00,  1.8561e-29,  3.5803e-40,\n",
      "          0.0000e+00,  0.0000e+00, -3.4852e-30,  0.0000e+00, -1.8561e-29,\n",
      "          0.0000e+00,  0.0000e+00],\n",
      "        [ 1.0454e+00,  0.0000e+00,  1.5937e-01,  4.5209e-02,  4.4313e-02,\n",
      "          0.0000e+00, -1.0454e+00,  0.0000e+00, -1.5937e-01, -4.5209e-02,\n",
      "         -4.4314e-02,  0.0000e+00],\n",
      "        [ 1.0776e-01,  1.8561e-29,  4.5209e-02,  8.4151e-02,  8.2472e-02,\n",
      "          1.0056e-11, -1.0776e-01, -1.8561e-29, -4.5209e-02, -8.4152e-02,\n",
      "         -8.2473e-02, -4.5497e-19],\n",
      "        [ 1.0556e-01,  3.5803e-40,  4.4313e-02,  8.2472e-02,  8.0838e-02,\n",
      "          1.0657e-11, -1.0556e-01,  0.0000e+00, -4.4314e-02, -8.2473e-02,\n",
      "         -8.0840e-02, -4.5907e-19],\n",
      "        [ 2.2022e-21,  0.0000e+00,  0.0000e+00,  1.0056e-11,  1.0657e-11,\n",
      "          2.3722e-11, -2.2022e-21,  0.0000e+00,  0.0000e+00, -4.5497e-19,\n",
      "         -4.5907e-19, -6.7235e-19],\n",
      "        [-7.3724e+00,  0.0000e+00, -1.0454e+00, -1.0776e-01, -1.0556e-01,\n",
      "         -2.2022e-21,  7.3724e+00,  0.0000e+00,  1.0454e+00,  1.0776e-01,\n",
      "          1.0556e-01,  5.7995e-13],\n",
      "        [ 0.0000e+00, -3.4852e-30,  0.0000e+00, -1.8561e-29,  0.0000e+00,\n",
      "          0.0000e+00,  0.0000e+00,  9.7373e-20,  0.0000e+00,  5.1859e-19,\n",
      "          0.0000e+00,  0.0000e+00],\n",
      "        [-1.0454e+00,  0.0000e+00, -1.5937e-01, -4.5209e-02, -4.4314e-02,\n",
      "          0.0000e+00,  1.0454e+00,  0.0000e+00,  1.5937e-01,  4.5210e-02,\n",
      "          4.4315e-02,  0.0000e+00],\n",
      "        [-1.0776e-01, -1.8561e-29, -4.5209e-02, -8.4152e-02, -8.2473e-02,\n",
      "         -4.5497e-19,  1.0776e-01,  5.1859e-19,  4.5210e-02,  8.4153e-02,\n",
      "          8.2475e-02,  8.0889e-12],\n",
      "        [-1.0556e-01,  0.0000e+00, -4.4314e-02, -8.2473e-02, -8.0840e-02,\n",
      "         -4.5907e-19,  1.0556e-01,  0.0000e+00,  4.4315e-02,  8.2475e-02,\n",
      "          8.0841e-02,  7.3526e-12],\n",
      "        [-2.2022e-21,  0.0000e+00,  0.0000e+00, -4.5497e-19, -4.5907e-19,\n",
      "         -6.7235e-19,  5.7995e-13,  0.0000e+00,  0.0000e+00,  8.0889e-12,\n",
      "          7.3526e-12,  2.7619e-12]], device='cuda:0')\n",
      "tensor([[ 8.0904e+00,  4.2039e-45,  2.0302e+00,  5.3730e-01,  5.5338e-01,\n",
      "          4.8161e-02, -8.0905e+00,  0.0000e+00, -2.0302e+00, -5.3730e-01,\n",
      "         -5.5338e-01, -4.8161e-02],\n",
      "        [ 4.2039e-45,  3.4852e-30,  0.0000e+00,  1.8561e-29,  3.5803e-40,\n",
      "          0.0000e+00,  0.0000e+00, -3.4852e-30,  0.0000e+00, -1.8561e-29,\n",
      "          0.0000e+00,  0.0000e+00],\n",
      "        [ 2.0302e+00,  0.0000e+00,  1.7986e+00,  9.5838e-02,  4.4313e-02,\n",
      "          0.0000e+00, -2.0302e+00,  0.0000e+00, -1.7986e+00, -9.5839e-02,\n",
      "         -4.4314e-02,  0.0000e+00],\n",
      "        [ 5.3730e-01,  1.8561e-29,  9.5838e-02,  1.5266e+00,  1.6958e+00,\n",
      "          1.5206e-01, -5.3730e-01, -1.8561e-29, -9.5839e-02, -1.5266e+00,\n",
      "         -1.6958e+00, -1.5206e-01],\n",
      "        [ 5.5338e-01,  3.5803e-40,  4.4313e-02,  1.6958e+00,  1.8872e+00,\n",
      "          1.7061e-01, -5.5338e-01,  0.0000e+00, -4.4314e-02, -1.6958e+00,\n",
      "         -1.8872e+00, -1.7061e-01],\n",
      "        [ 4.8161e-02,  0.0000e+00,  0.0000e+00,  1.5206e-01,  1.7061e-01,\n",
      "          1.8348e-02, -4.8161e-02,  0.0000e+00,  0.0000e+00, -1.5206e-01,\n",
      "         -1.7061e-01, -1.8348e-02],\n",
      "        [-8.0905e+00,  0.0000e+00, -2.0302e+00, -5.3730e-01, -5.5338e-01,\n",
      "         -4.8161e-02,  8.0905e+00,  0.0000e+00,  2.0302e+00,  5.3730e-01,\n",
      "          5.5338e-01,  4.8161e-02],\n",
      "        [ 0.0000e+00, -3.4852e-30,  0.0000e+00, -1.8561e-29,  0.0000e+00,\n",
      "          0.0000e+00,  0.0000e+00,  9.7373e-20,  0.0000e+00,  5.1859e-19,\n",
      "          0.0000e+00,  0.0000e+00],\n",
      "        [-2.0302e+00,  0.0000e+00, -1.7986e+00, -9.5839e-02, -4.4314e-02,\n",
      "          0.0000e+00,  2.0302e+00,  0.0000e+00,  1.7986e+00,  9.5840e-02,\n",
      "          4.4315e-02,  0.0000e+00],\n",
      "        [-5.3730e-01, -1.8561e-29, -9.5839e-02, -1.5266e+00, -1.6958e+00,\n",
      "         -1.5206e-01,  5.3730e-01,  5.1859e-19,  9.5840e-02,  1.5266e+00,\n",
      "          1.6958e+00,  1.5206e-01],\n",
      "        [-5.5338e-01,  0.0000e+00, -4.4314e-02, -1.6958e+00, -1.8872e+00,\n",
      "         -1.7061e-01,  5.5338e-01,  0.0000e+00,  4.4315e-02,  1.6958e+00,\n",
      "          1.8873e+00,  1.7061e-01],\n",
      "        [-4.8161e-02,  0.0000e+00,  0.0000e+00, -1.5206e-01, -1.7061e-01,\n",
      "         -1.8348e-02,  4.8161e-02,  0.0000e+00,  0.0000e+00,  1.5206e-01,\n",
      "          1.7061e-01,  1.8348e-02]], device='cuda:0')\n",
      "tensor([[ 1.7769e+01,  4.2039e-45,  4.2213e+00,  5.3730e-01,  5.5338e-01,\n",
      "          4.8161e-02, -1.7769e+01,  0.0000e+00, -4.2213e+00, -5.3730e-01,\n",
      "         -5.5338e-01, -4.8161e-02],\n",
      "        [ 4.2039e-45,  7.0441e-02,  0.0000e+00,  1.8561e-29,  3.5803e-40,\n",
      "          0.0000e+00,  0.0000e+00, -7.0441e-02,  0.0000e+00, -1.8561e-29,\n",
      "          0.0000e+00,  0.0000e+00],\n",
      "        [ 4.2213e+00,  0.0000e+00,  2.2963e+00,  9.5838e-02,  4.4313e-02,\n",
